Overall Batchwise Metrics
============================================================
Batch      | Base SRCC  | Base PLCC  | TTA SRCC   | TTA PLCC  
------------------------------------------------------------
Batch 1    |     0.7857 |     0.7456 |     0.7857 |     0.7456
Batch 2    |     0.5476 |     0.6264 |     0.5476 |     0.6264
Batch 3    |     0.7143 |     0.6073 |     0.7143 |     0.6073
Batch 4    |     0.0476 |     0.2462 |     0.0476 |     0.2462
Batch 5    |    -0.1667 |    -0.1648 |    -0.1667 |    -0.1648
Batch 6    |     0.7381 |     0.7152 |     0.7381 |     0.7152
Batch 7    |     0.7143 |     0.5882 |     0.7143 |     0.5882
Batch 8    |     0.4524 |     0.4134 |     0.4524 |     0.4134
Batch 9    |     0.7381 |     0.4962 |     0.7381 |     0.4962
Batch 10   |     0.5238 |     0.2833 |     0.5238 |     0.2833
Batch 11   |     0.6429 |     0.6806 |     0.6429 |     0.6806
Batch 12   |     0.3810 |     0.6161 |     0.3810 |     0.6161
Batch 13   |     0.9286 |     0.8110 |     0.9286 |     0.8110
Batch 14   |     0.6667 |     0.7361 |     0.6667 |     0.7361
Batch 15   |     0.3095 |     0.3637 |     0.3095 |     0.3637
Batch 16   |     0.1905 |     0.3935 |     0.1905 |     0.3935
Batch 17   |     0.3571 |     0.3542 |     0.3571 |     0.3542
Batch 18   |     0.6429 |     0.6846 |     0.6429 |     0.6846
Batch 19   |     0.8810 |     0.9870 |     0.8810 |     0.9870
Batch 20   |     0.8333 |     0.8288 |     0.8333 |     0.8288
Batch 21   |     0.9286 |     0.9494 |     0.9286 |     0.9494
Batch 22   |     0.6905 |     0.7274 |     0.6905 |     0.7274
Batch 23   |     0.8333 |     0.6935 |     0.8333 |     0.6935
Batch 24   |     0.6946 |     0.6462 |     0.6946 |     0.6462
Batch 25   |     0.4286 |     0.7103 |     0.4286 |     0.7103
Batch 26   |     0.8333 |     0.8114 |     0.8333 |     0.8114
Batch 27   |     0.6190 |     0.7294 |     0.6190 |     0.7294
Batch 28   |     0.8333 |     0.5676 |     0.8333 |     0.5676
Batch 29   |     0.4524 |     0.3509 |     0.4524 |     0.3509
Batch 30   |     0.8571 |     0.7476 |     0.8571 |     0.7476
Batch 31   |     0.9048 |     0.9407 |     0.9048 |     0.9407
Batch 32   |     0.3333 |     0.3240 |     0.3333 |     0.3240
Batch 33   |     0.9286 |     0.8701 |     0.9286 |     0.8701
Batch 34   |     0.8095 |     0.8024 |     0.8095 |     0.8024
Batch 35   |    -0.0238 |     0.0533 |    -0.0238 |     0.0533
Batch 36   |     0.3571 |     0.6184 |     0.3571 |     0.6184
Batch 37   |     0.7381 |     0.6446 |     0.7381 |     0.6446
Batch 38   |     0.3333 |     0.1976 |     0.3333 |     0.1976
Batch 39   |     0.8333 |     0.6949 |     0.8333 |     0.6949
Batch 40   |     0.2619 |     0.3849 |     0.2619 |     0.3849
Batch 41   |     0.6190 |     0.5577 |     0.6190 |     0.5577
Batch 42   |     0.8095 |     0.7088 |     0.8095 |     0.7088
Batch 43   |    -0.0599 |    -0.0666 |    -0.0599 |    -0.0666
Batch 44   |     0.8095 |     0.8108 |     0.8095 |     0.8108
Batch 45   |     0.7143 |     0.5972 |     0.7143 |     0.5972
Batch 46   |     0.4286 |     0.3958 |     0.4286 |     0.3958
Batch 47   |     0.7381 |     0.7295 |     0.7381 |     0.7295
Batch 48   |     0.7665 |     0.7829 |     0.7665 |     0.7829
Batch 49   |     0.5952 |     0.6344 |     0.5952 |     0.6344
Batch 50   |     0.9286 |     0.8789 |     0.9286 |     0.8789
============================================================
AVERAGE    |     0.5985 |     0.5901 |     0.5985 |     0.5901

============================================================
TRUE OVERALL DATASET METRICS (Concatenated 50 Batches)
============================================================
Baseline SRCC: 0.6527
Baseline PLCC: 0.6891
TTA SRCC:      0.6527
TTA PLCC:      0.6891

OVERALL TEST DATASET: 
SRCC: 0.875500  |  PLCC: 0.903842