Overall Batchwise Metrics
============================================================
Batch      | Base SRCC  | Base PLCC  | TTA SRCC   | TTA PLCC  
------------------------------------------------------------
Batch 1    |     0.5952 |     0.8072 |     0.5952 |     0.8072
Batch 2    |     0.5476 |     0.6826 |     0.5476 |     0.6826
Batch 3    |     0.7619 |     0.7397 |     0.7619 |     0.7397
Batch 4    |     0.6190 |     0.5915 |     0.6190 |     0.5915
Batch 5    |     0.6905 |     0.6044 |     0.6905 |     0.6044
Batch 6    |     0.7143 |     0.6476 |     0.7143 |     0.6476
Batch 7    |     0.6190 |     0.5421 |     0.6190 |     0.5421
Batch 8    |    -0.1905 |    -0.0637 |    -0.1905 |    -0.0637
Batch 9    |     0.4286 |     0.3514 |     0.4286 |     0.3514
Batch 10   |     0.7143 |     0.6206 |     0.7143 |     0.6206
Batch 11   |     0.1905 |     0.5765 |     0.1905 |     0.5765
Batch 12   |     0.4762 |     0.8716 |     0.4762 |     0.8716
Batch 13   |     0.8095 |     0.8554 |     0.8095 |     0.8554
Batch 14   |     0.6429 |     0.5920 |     0.6429 |     0.5920
Batch 15   |     0.3571 |     0.3405 |     0.3571 |     0.3405
Batch 16   |     0.2857 |     0.3592 |     0.2857 |     0.3592
Batch 17   |     0.7143 |     0.6193 |     0.7143 |     0.6193
Batch 18   |     0.5000 |     0.5718 |     0.5000 |     0.5718
Batch 19   |    -0.2381 |    -0.2148 |    -0.2381 |    -0.2148
Batch 20   |     0.5952 |     0.3774 |     0.5952 |     0.3774
Batch 21   |     0.4524 |     0.6888 |     0.4524 |     0.6888
Batch 22   |     0.7143 |     0.8120 |     0.7143 |     0.8120
Batch 23   |    -0.0476 |     0.2072 |    -0.0476 |     0.2072
Batch 24   |     0.8810 |     0.8715 |     0.8810 |     0.8715
Batch 25   |     0.3810 |     0.5938 |     0.3810 |     0.5938
Batch 26   |     0.7143 |     0.8134 |     0.7143 |     0.8134
Batch 27   |     0.9048 |     0.9344 |     0.9048 |     0.9344
Batch 28   |     0.6190 |     0.8048 |     0.6190 |     0.8048
Batch 29   |     0.8095 |     0.7492 |     0.8095 |     0.7492
Batch 30   |     0.8333 |     0.9185 |     0.8333 |     0.9185
Batch 31   |     0.7381 |     0.8613 |     0.7381 |     0.8613
Batch 32   |     0.7143 |     0.6708 |     0.7143 |     0.6708
Batch 33   |     0.8095 |     0.8274 |     0.8095 |     0.8274
Batch 34   |     0.9048 |     0.8339 |     0.9048 |     0.8339
Batch 35   |     0.4762 |     0.6671 |     0.4762 |     0.6671
Batch 36   |     0.7143 |     0.7547 |     0.7143 |     0.7547
Batch 37   |     0.5952 |     0.6956 |     0.5952 |     0.6956
Batch 38   |     0.4524 |     0.5790 |     0.4524 |     0.5790
Batch 39   |     0.6905 |     0.6952 |     0.6905 |     0.6952
Batch 40   |     0.8571 |     0.8736 |     0.8571 |     0.8736
Batch 41   |     0.2143 |     0.5080 |     0.2143 |     0.5080
Batch 42   |     0.7857 |     0.8355 |     0.7857 |     0.8355
Batch 43   |     0.8571 |     0.8724 |     0.8571 |     0.8724
Batch 44   |     0.2143 |     0.4934 |     0.2143 |     0.4934
Batch 45   |     0.7381 |     0.8845 |     0.7381 |     0.8845
Batch 46   |     0.6190 |     0.6999 |     0.6190 |     0.6999
Batch 47   |     0.5952 |     0.7512 |     0.5952 |     0.7512
Batch 48   |     0.4762 |     0.5857 |     0.4762 |     0.5857
Batch 49   |     0.3333 |     0.6480 |     0.3333 |     0.6480
Batch 50   |     0.7381 |     0.7364 |     0.7381 |     0.7364
Batch 51   |     0.7619 |     0.8319 |     0.7619 |     0.8319
Batch 52   |     0.9762 |     0.9139 |     0.9762 |     0.9139
Batch 53   |     0.7857 |     0.7843 |     0.7857 |     0.7843
Batch 54   |     0.6905 |     0.8275 |     0.6905 |     0.8275
Batch 55   |     0.5714 |     0.6506 |     0.5714 |     0.6506
Batch 56   |     0.5000 |     0.5066 |     0.5000 |     0.5066
Batch 57   |    -0.0952 |     0.0057 |    -0.0952 |     0.0057
Batch 58   |     0.3333 |     0.5968 |     0.3333 |     0.5968
Batch 59   |     0.5000 |     0.5752 |     0.5000 |     0.5752
Batch 60   |     0.4762 |     0.3692 |     0.4762 |     0.3692
Batch 61   |    -0.1905 |     0.0051 |    -0.1905 |     0.0051
Batch 62   |     0.2857 |     0.5741 |     0.2857 |     0.5741
Batch 63   |     0.5714 |     0.5930 |     0.5714 |     0.5930
Batch 64   |     0.7143 |     0.5114 |     0.7143 |     0.5114
Batch 65   |     0.8333 |     0.9323 |     0.8333 |     0.9323
Batch 66   |     0.9524 |     0.9330 |     0.9524 |     0.9330
Batch 67   |     0.5238 |     0.8125 |     0.5238 |     0.8125
Batch 68   |     0.7381 |     0.8448 |     0.7381 |     0.8448
Batch 69   |     1.0000 |     0.9678 |     1.0000 |     0.9678
Batch 70   |     0.9048 |     0.8458 |     0.9048 |     0.8458
Batch 71   |     0.9048 |     0.8721 |     0.9048 |     0.8721
Batch 72   |     0.6429 |     0.6457 |     0.6429 |     0.6457
Batch 73   |     0.9286 |     0.9002 |     0.9286 |     0.9002
Batch 74   |     0.7857 |     0.7659 |     0.7857 |     0.7659
Batch 75   |     0.8571 |     0.8471 |     0.8571 |     0.8471
Batch 76   |     0.8810 |     0.8645 |     0.8810 |     0.8645
Batch 77   |     0.9048 |     0.7438 |     0.9048 |     0.7438
Batch 78   |     0.4048 |     0.6493 |     0.4048 |     0.6493
Batch 79   |     0.4762 |     0.6372 |     0.4762 |     0.6372
Batch 80   |     0.7619 |     0.8514 |     0.7619 |     0.8514
Batch 81   |     0.8333 |     0.8395 |     0.8333 |     0.8395
Batch 82   |     0.9048 |     0.9293 |     0.9048 |     0.9293
Batch 83   |     0.4286 |     0.5026 |     0.4286 |     0.5026
Batch 84   |     0.5952 |     0.7287 |     0.5952 |     0.7287
Batch 85   |     0.6905 |     0.7469 |     0.6905 |     0.7469
Batch 86   |     0.6190 |     0.7867 |     0.6190 |     0.7867
Batch 87   |     0.5238 |     0.6772 |     0.5238 |     0.6772
Batch 88   |     0.8095 |     0.7989 |     0.8095 |     0.7989
Batch 89   |     0.7143 |     0.9096 |     0.7143 |     0.9096
Batch 90   |     0.8333 |     0.8140 |     0.8333 |     0.8140
Batch 91   |     0.7619 |     0.8108 |     0.7619 |     0.8108
Batch 92   |     0.9524 |     0.9100 |     0.9524 |     0.9100
Batch 93   |     0.6190 |     0.5442 |     0.6190 |     0.5442
Batch 94   |     0.5952 |     0.7622 |     0.5952 |     0.7622
Batch 95   |     0.3333 |     0.8564 |     0.3333 |     0.8564
Batch 96   |     0.6190 |     0.6300 |     0.6190 |     0.6300
Batch 97   |     0.4286 |     0.9650 |     0.4286 |     0.9650
Batch 98   |     0.8095 |     0.6426 |     0.8095 |     0.6426
Batch 99   |     0.9524 |     0.9424 |     0.9524 |     0.9424
Batch 100  |     0.7143 |     0.6843 |     0.7143 |     0.6843
Batch 101  |     0.9524 |     0.9291 |     0.9524 |     0.9291
Batch 102  |     0.6667 |     0.8949 |     0.6667 |     0.8949
Batch 103  |     0.8571 |     0.9144 |     0.8571 |     0.9144
Batch 104  |     0.5714 |     0.5674 |     0.5714 |     0.5674
Batch 105  |     0.8810 |     0.7007 |     0.8810 |     0.7007
Batch 106  |     0.2381 |     0.2112 |     0.2381 |     0.2112
Batch 107  |     0.8095 |     0.7499 |     0.8095 |     0.7499
Batch 108  |     0.7381 |     0.8470 |     0.7381 |     0.8470
Batch 109  |     0.5476 |     0.5772 |     0.5476 |     0.5772
Batch 110  |     0.8571 |     0.8107 |     0.8571 |     0.8107
Batch 111  |     0.5238 |     0.6668 |     0.5238 |     0.6668
Batch 112  |     0.9524 |     0.9129 |     0.9524 |     0.9129
Batch 113  |     0.7143 |     0.7602 |     0.7143 |     0.7602
Batch 114  |     0.6190 |     0.7877 |     0.6190 |     0.7877
Batch 115  |     0.9524 |     0.8889 |     0.9524 |     0.8889
Batch 116  |     0.5238 |     0.5297 |     0.5238 |     0.5297
Batch 117  |     0.8571 |     0.9522 |     0.8571 |     0.9522
Batch 118  |     0.4762 |     0.3900 |     0.4762 |     0.3900
Batch 119  |     0.4762 |     0.5048 |     0.4762 |     0.5048
Batch 120  |     0.5952 |     0.5036 |     0.5952 |     0.5036
Batch 121  |     0.6190 |     0.5871 |     0.6190 |     0.5871
Batch 122  |     0.4762 |     0.5289 |     0.4762 |     0.5289
Batch 123  |     0.5000 |     0.4707 |     0.5000 |     0.4707
Batch 124  |     0.6905 |     0.8069 |     0.6905 |     0.8069
Batch 125  |     0.6905 |     0.7655 |     0.6905 |     0.7655
Batch 126  |     0.3095 |     0.4657 |     0.3095 |     0.4657
Batch 127  |     0.7619 |     0.7794 |     0.7619 |     0.7794
Batch 128  |     0.4048 |     0.6318 |     0.4048 |     0.6318
Batch 129  |     0.7381 |     0.7573 |     0.7381 |     0.7573
Batch 130  |     0.7619 |     0.5940 |     0.7619 |     0.5940
Batch 131  |     0.8095 |     0.8625 |     0.8095 |     0.8625
Batch 132  |     0.6905 |     0.6585 |     0.6905 |     0.6585
Batch 133  |     0.6429 |     0.2312 |     0.6429 |     0.2312
Batch 134  |     0.5000 |     0.6459 |     0.5000 |     0.6459
Batch 135  |     0.0714 |    -0.0749 |     0.0714 |    -0.0749
Batch 136  |    -0.0476 |     0.5537 |    -0.0476 |     0.5537
Batch 137  |    -0.0952 |     0.1778 |    -0.0952 |     0.1778
Batch 138  |     0.5952 |     0.5871 |     0.5952 |     0.5871
Batch 139  |     0.3810 |     0.2525 |     0.3810 |     0.2525
Batch 140  |     0.1667 |    -0.1546 |     0.1667 |    -0.1546
Batch 141  |     0.2143 |     0.1561 |     0.2143 |     0.1561
Batch 142  |    -0.0476 |    -0.0063 |    -0.0476 |    -0.0063
Batch 143  |     0.2381 |     0.3923 |     0.2381 |     0.3923
Batch 144  |     0.7619 |     0.7343 |     0.7619 |     0.7343
Batch 145  |     0.5952 |     0.5911 |     0.5952 |     0.5911
Batch 146  |     0.7857 |     0.6683 |     0.7857 |     0.6683
Batch 147  |     0.0952 |     0.1006 |     0.0952 |     0.1006
Batch 148  |     0.3810 |     0.5902 |     0.3810 |     0.5902
Batch 149  |     0.4524 |     0.4430 |     0.4524 |     0.4430
Batch 150  |     0.7857 |     0.7568 |     0.7857 |     0.7568
Batch 151  |     0.2857 |     0.5932 |     0.2857 |     0.5932
Batch 152  |     0.8333 |     0.7680 |     0.8333 |     0.7680
Batch 153  |     0.0952 |     0.0584 |     0.0952 |     0.0584
Batch 154  |     0.4286 |     0.7091 |     0.4286 |     0.7091
Batch 155  |     0.3333 |     0.5549 |     0.3333 |     0.5549
Batch 156  |     0.5476 |     0.4949 |     0.5476 |     0.4949
Batch 157  |     0.3095 |     0.4383 |     0.3095 |     0.4383
Batch 158  |     0.0476 |     0.4072 |     0.0476 |     0.4072
Batch 159  |     0.6667 |     0.5970 |     0.6667 |     0.5970
Batch 160  |     0.9048 |     0.8779 |     0.9048 |     0.8779
Batch 161  |     0.8333 |     0.6398 |     0.8333 |     0.6398
Batch 162  |     0.9286 |     0.9613 |     0.9286 |     0.9613
Batch 163  |     0.7619 |     0.8832 |     0.7619 |     0.8832
Batch 164  |     0.5714 |     0.6255 |     0.5714 |     0.6255
Batch 165  |     0.6429 |     0.6647 |     0.6429 |     0.6647
Batch 166  |     0.6905 |     0.8714 |     0.6905 |     0.8714
Batch 167  |     0.5238 |     0.8453 |     0.5238 |     0.8453
Batch 168  |     0.5952 |     0.8788 |     0.5952 |     0.8788
Batch 169  |     0.5000 |     0.5542 |     0.5000 |     0.5542
Batch 170  |     0.6905 |     0.7022 |     0.6905 |     0.7022
Batch 171  |     0.2857 |     0.1628 |     0.2857 |     0.1628
Batch 172  |     0.4524 |     0.3821 |     0.4524 |     0.3821
Batch 173  |     0.4762 |     0.5560 |     0.4762 |     0.5560
Batch 174  |     0.2857 |     0.6394 |     0.2857 |     0.6394
Batch 175  |     0.8333 |     0.7443 |     0.8333 |     0.7443
Batch 176  |     0.2381 |     0.6776 |     0.2381 |     0.6776
Batch 177  |     0.9524 |     0.9881 |     0.9524 |     0.9881
Batch 178  |     0.9286 |     0.8840 |     0.9286 |     0.8840
Batch 179  |     0.9048 |     0.7202 |     0.9048 |     0.7202
Batch 180  |     0.4048 |     0.1714 |     0.4048 |     0.1714
Batch 181  |     0.8571 |     0.8946 |     0.8571 |     0.8946
Batch 182  |     0.7857 |     0.8618 |     0.7857 |     0.8618
Batch 183  |     0.8810 |     0.8741 |     0.8810 |     0.8741
Batch 184  |     0.3571 |     0.2665 |     0.3571 |     0.2665
Batch 185  |     0.6667 |     0.5072 |     0.6667 |     0.5072
Batch 186  |     0.6190 |     0.7602 |     0.6190 |     0.7602
Batch 187  |     0.7857 |     0.6255 |     0.7857 |     0.6255
Batch 188  |     0.6667 |     0.6230 |     0.6667 |     0.6230
Batch 189  |    -0.0238 |    -0.0568 |    -0.0238 |    -0.0568
Batch 190  |     0.5476 |     0.5094 |     0.5476 |     0.5094
Batch 191  |     0.4048 |     0.4728 |     0.4048 |     0.4728
Batch 192  |     0.9762 |     0.9336 |     0.9762 |     0.9336
Batch 193  |     0.2381 |     0.2758 |     0.2381 |     0.2758
Batch 194  |     0.5238 |     0.3188 |     0.5238 |     0.3188
Batch 195  |     0.5952 |     0.8078 |     0.5952 |     0.8078
Batch 196  |     0.5238 |     0.7160 |     0.5238 |     0.7160
Batch 197  |     0.8333 |     0.6822 |     0.8333 |     0.6822
Batch 198  |     0.9048 |     0.7309 |     0.9048 |     0.7309
Batch 199  |    -0.1429 |    -0.2268 |    -0.1429 |    -0.2268
Batch 200  |     0.5952 |     0.4287 |     0.5952 |     0.4287
Batch 201  |     0.6190 |     0.6174 |     0.6190 |     0.6174
Batch 202  |    -0.5476 |    -0.3493 |    -0.5476 |    -0.3493
Batch 203  |     0.4286 |     0.4025 |     0.4286 |     0.4025
Batch 204  |     0.7857 |     0.8480 |     0.7857 |     0.8480
Batch 205  |     0.8095 |     0.8621 |     0.8095 |     0.8621
Batch 206  |     0.5952 |     0.5580 |     0.5952 |     0.5580
Batch 207  |     0.7857 |     0.8695 |     0.7857 |     0.8695
Batch 208  |     0.4762 |     0.4244 |     0.4762 |     0.4244
Batch 209  |     0.5476 |     0.6524 |     0.5476 |     0.6524
Batch 210  |     0.7381 |     0.6161 |     0.7381 |     0.6161
Batch 211  |     0.9524 |     0.7795 |     0.9524 |     0.7795
Batch 212  |     0.8095 |     0.8244 |     0.8095 |     0.8244
Batch 213  |     0.6905 |     0.6004 |     0.6905 |     0.6004
Batch 214  |     0.7381 |     0.7230 |     0.7381 |     0.7230
Batch 215  |     0.8810 |     0.8892 |     0.8810 |     0.8892
Batch 216  |    -0.1429 |    -0.2741 |    -0.1429 |    -0.2741
Batch 217  |     0.8810 |     0.7688 |     0.8810 |     0.7688
Batch 218  |     0.8095 |     0.9139 |     0.8095 |     0.9139
Batch 219  |    -0.0714 |     0.7134 |    -0.0714 |     0.7134
Batch 220  |     0.5476 |     0.6714 |     0.5476 |     0.6714
Batch 221  |     0.9048 |     0.9801 |     0.9048 |     0.9801
Batch 222  |     0.8095 |     0.7781 |     0.8095 |     0.7781
Batch 223  |     0.5238 |     0.5743 |     0.5238 |     0.5743
Batch 224  |     0.5952 |     0.8040 |     0.5952 |     0.8040
Batch 225  |     0.3333 |     0.5385 |     0.3333 |     0.5385
Batch 226  |     0.8333 |     0.8734 |     0.8333 |     0.8734
Batch 227  |    -0.0238 |    -0.1430 |    -0.0238 |    -0.1430
Batch 228  |     0.0952 |     0.1505 |     0.0952 |     0.1505
Batch 229  |     0.3571 |     0.4833 |     0.3571 |     0.4833
Batch 230  |    -0.4524 |    -0.3093 |    -0.4524 |    -0.3093
Batch 231  |     0.9048 |     0.8391 |     0.9048 |     0.8391
Batch 232  |     0.7857 |     0.7942 |     0.7857 |     0.7942
Batch 233  |     0.2619 |     0.5387 |     0.2619 |     0.5387
Batch 234  |     0.6190 |     0.8178 |     0.6190 |     0.8178
Batch 235  |     0.5476 |     0.8179 |     0.5476 |     0.8179
Batch 236  |     0.4286 |     0.6994 |     0.4286 |     0.6994
Batch 237  |     0.6667 |     0.6924 |     0.6667 |     0.6924
Batch 238  |     0.4524 |     0.6482 |     0.4524 |     0.6482
Batch 239  |    -0.3810 |    -0.3408 |    -0.3810 |    -0.3408
Batch 240  |     0.3810 |     0.6605 |     0.3810 |     0.6605
Batch 241  |     0.4048 |     0.3576 |     0.4048 |     0.3576
Batch 242  |     0.4286 |     0.5575 |     0.4286 |     0.5575
Batch 243  |     0.7143 |     0.8334 |     0.7143 |     0.8334
Batch 244  |     0.6190 |     0.7887 |     0.6190 |     0.7887
Batch 245  |     0.7619 |     0.7819 |     0.7619 |     0.7819
Batch 246  |     0.6190 |     0.5718 |     0.6190 |     0.5718
Batch 247  |     0.3333 |     0.2026 |     0.3333 |     0.2026
Batch 248  |     0.0714 |    -0.0729 |     0.0714 |    -0.0729
Batch 249  |     0.5952 |     0.7884 |     0.5952 |     0.7884
Batch 250  |     0.9286 |     0.8486 |     0.9286 |     0.8486
Batch 251  |     0.4048 |     0.5890 |     0.4048 |     0.5890
Batch 252  |     0.9048 |     0.9402 |     0.9048 |     0.9402
Batch 253  |     0.6190 |     0.5530 |     0.6190 |     0.5530
Batch 254  |     0.8571 |     0.6693 |     0.8571 |     0.6693
Batch 255  |     0.8810 |     0.8579 |     0.8810 |     0.8579
Batch 256  |     0.8571 |     0.9160 |     0.8571 |     0.9160
Batch 257  |     0.8571 |     0.8792 |     0.8571 |     0.8792
Batch 258  |     0.5714 |     0.4969 |     0.5714 |     0.4969
Batch 259  |     0.4286 |     0.5937 |     0.4286 |     0.5937
Batch 260  |     0.6667 |     0.8460 |     0.6667 |     0.8460
Batch 261  |     0.8333 |     0.8676 |     0.8333 |     0.8676
Batch 262  |     0.7143 |     0.7817 |     0.7143 |     0.7817
Batch 263  |     0.6905 |     0.7247 |     0.6905 |     0.7247
Batch 264  |     0.7381 |     0.7164 |     0.7381 |     0.7164
Batch 265  |     0.6905 |     0.6726 |     0.6905 |     0.6726
Batch 266  |     0.6429 |     0.5374 |     0.6429 |     0.5374
Batch 267  |     0.7381 |     0.8691 |     0.7381 |     0.8691
Batch 268  |     0.4048 |     0.4168 |     0.4048 |     0.4168
Batch 269  |     0.7381 |     0.7794 |     0.7381 |     0.7794
Batch 270  |    -0.1667 |     0.0131 |    -0.1667 |     0.0131
Batch 271  |     0.2619 |     0.4983 |     0.2619 |     0.4983
Batch 272  |     0.6905 |     0.8400 |     0.6905 |     0.8400
Batch 273  |     0.8571 |     0.5728 |     0.8571 |     0.5728
Batch 274  |     0.5952 |     0.8531 |     0.5952 |     0.8531
Batch 275  |     0.6667 |     0.5886 |     0.6667 |     0.5886
Batch 276  |     0.3810 |     0.2554 |     0.3810 |     0.2554
Batch 277  |     0.3810 |     0.3885 |     0.3810 |     0.3885
Batch 278  |     0.5714 |     0.8007 |     0.5714 |     0.8007
Batch 279  |     0.2381 |     0.4856 |     0.2381 |     0.4856
Batch 280  |     0.2381 |     0.5066 |     0.2381 |     0.5066
Batch 281  |     0.3333 |     0.5516 |     0.3333 |     0.5516
Batch 282  |     0.7381 |     0.8096 |     0.7381 |     0.8096
Batch 283  |     0.5952 |     0.7625 |     0.5952 |     0.7625
Batch 284  |     0.5238 |     0.6771 |     0.5238 |     0.6771
Batch 285  |     0.9048 |     0.8568 |     0.9048 |     0.8568
Batch 286  |     0.3810 |     0.5109 |     0.3810 |     0.5109
Batch 287  |     0.8095 |     0.7504 |     0.8095 |     0.7504
Batch 288  |     0.6667 |     0.6268 |     0.6667 |     0.6268
Batch 289  |     0.5952 |     0.6671 |     0.5952 |     0.6671
Batch 290  |     0.8095 |     0.8004 |     0.8095 |     0.8004
Batch 291  |     0.6429 |     0.7516 |     0.6429 |     0.7516
Batch 292  |     0.6190 |     0.6020 |     0.6190 |     0.6020
Batch 293  |     0.5476 |     0.3389 |     0.5476 |     0.3389
Batch 294  |     0.7381 |     0.6503 |     0.7381 |     0.6503
Batch 295  |     0.1905 |     0.1849 |     0.1905 |     0.1849
Batch 296  |     0.6905 |     0.8420 |     0.6905 |     0.8420
Batch 297  |     0.4286 |     0.3033 |     0.4286 |     0.3033
Batch 298  |     0.3095 |     0.3011 |     0.3095 |     0.3011
Batch 299  |     0.6190 |     0.3788 |     0.6190 |     0.3788
Batch 300  |     0.7619 |     0.8603 |     0.7619 |     0.8603
Batch 301  |     0.5714 |     0.9138 |     0.5714 |     0.9138
Batch 302  |     0.4762 |     0.7158 |     0.4762 |     0.7158
Batch 303  |     0.5952 |     0.5990 |     0.5952 |     0.5990
Batch 304  |    -0.1429 |     0.1843 |    -0.1429 |     0.1843
Batch 305  |     0.0476 |     0.3103 |     0.0476 |     0.3103
Batch 306  |    -0.0952 |    -0.1088 |    -0.0952 |    -0.1088
Batch 307  |     0.7857 |     0.6643 |     0.7857 |     0.6643
Batch 308  |     0.9524 |     0.9371 |     0.9524 |     0.9371
Batch 309  |     0.6667 |     0.9238 |     0.6667 |     0.9238
Batch 310  |     0.6905 |     0.5672 |     0.6905 |     0.5672
Batch 311  |     0.8571 |     0.8243 |     0.8571 |     0.8243
Batch 312  |     0.5476 |     0.6903 |     0.5476 |     0.6903
Batch 313  |     0.6190 |     0.6337 |     0.6190 |     0.6337
Batch 314  |    -0.2381 |    -0.2451 |    -0.2381 |    -0.2451
Batch 315  |     0.8810 |     0.8870 |     0.8810 |     0.8870
Batch 316  |     0.6905 |     0.7247 |     0.6905 |     0.7247
Batch 317  |    -0.1429 |    -0.3620 |    -0.1429 |    -0.3620
Batch 318  |     0.4524 |     0.4543 |     0.4524 |     0.4543
Batch 319  |     0.6190 |     0.7760 |     0.6190 |     0.7760
Batch 320  |     0.8333 |     0.8077 |     0.8333 |     0.8077
Batch 321  |     0.2143 |     0.1748 |     0.2143 |     0.1748
Batch 322  |     0.5952 |     0.1480 |     0.5952 |     0.1480
Batch 323  |     0.6905 |     0.7667 |     0.6905 |     0.7667
Batch 324  |     0.6429 |     0.7520 |     0.6429 |     0.7520
Batch 325  |     0.3810 |     0.7262 |     0.3810 |     0.7262
Batch 326  |     0.6905 |     0.7641 |     0.6905 |     0.7641
Batch 327  |     0.6667 |     0.8703 |     0.6667 |     0.8703
Batch 328  |     0.0238 |     0.2326 |     0.0238 |     0.2326
Batch 329  |     0.7857 |     0.7826 |     0.7857 |     0.7826
Batch 330  |     0.6429 |     0.8472 |     0.6429 |     0.8472
Batch 331  |     0.0476 |     0.1365 |     0.0476 |     0.1365
Batch 332  |     0.7381 |     0.8175 |     0.7381 |     0.8175
Batch 333  |     0.8333 |     0.6187 |     0.8333 |     0.6187
Batch 334  |     0.8571 |     0.8343 |     0.8571 |     0.8343
Batch 335  |     0.3810 |     0.4486 |     0.3810 |     0.4486
Batch 336  |     0.5000 |     0.6732 |     0.5000 |     0.6732
Batch 337  |     0.5714 |     0.4309 |     0.5714 |     0.4309
Batch 338  |     0.8095 |     0.6141 |     0.8095 |     0.6141
Batch 339  |     0.0000 |     0.0302 |     0.0000 |     0.0302
Batch 340  |     0.3810 |     0.3983 |     0.3810 |     0.3983
Batch 341  |     0.6429 |     0.7064 |     0.6429 |     0.7064
Batch 342  |     0.6429 |     0.5583 |     0.6429 |     0.5583
Batch 343  |     0.8810 |     0.8304 |     0.8810 |     0.8304
Batch 344  |     0.4524 |     0.5916 |     0.4524 |     0.5916
Batch 345  |     0.5714 |     0.6829 |     0.5714 |     0.6829
Batch 346  |     0.6190 |     0.7511 |     0.6190 |     0.7511
Batch 347  |     0.4524 |     0.3283 |     0.4524 |     0.3283
Batch 348  |     0.5714 |     0.6931 |     0.5714 |     0.6931
Batch 349  |     0.3095 |     0.5161 |     0.3095 |     0.5161
Batch 350  |     0.9048 |     0.8523 |     0.9048 |     0.8523
Batch 351  |     0.4286 |     0.4106 |     0.4286 |     0.4106
Batch 352  |    -0.2143 |     0.0558 |    -0.2143 |     0.0558
============================================================
AVERAGE    |     0.5674 |     0.6157 |     0.5674 |     0.6157

============================================================
TRUE OVERALL DATASET METRICS (Concatenated)
============================================================
Baseline SRCC: 0.8132
Baseline PLCC: 0.8063
TTA SRCC:      0.8132
TTA PLCC:      0.8063
